plane_b: 352.8431894437885
plane_k: -0.37209541036839733
